1,-0.000000,-0.000000
2,-0.000000,-0.000000
3,-0.000000,-0.000000
4,-0.000000,-0.000000
5,-0.000000,-0.000000
6,-0.000000,-0.000000
7,-0.000000,-0.000000
8,-0.000000,-0.000000
9,-0.000000,-0.000000
10,-0.000000,-0.000000
11,-0.000000,-0.000000
12,-0.000000,-0.000000
13,-0.000000,-0.000000
14,-0.000000,-0.000000
15,-0.000000,-0.000000
16,-0.000000,-0.000000
17,-0.000000,-0.000000
18,-0.000000,-0.000000
19,-0.000000,-0.000000
20,-0.000000,-0.000000
21,-0.000000,-0.000000
22,-0.000000,-0.000000
23,-0.000000,-0.000000
24,-0.000000,-0.000000
25,-0.000000,-0.000000
26,-0.000000,-0.000000
27,-0.000000,-0.000000
28,-0.000000,-0.000000
29,-0.000000,-0.000000
30,-0.000000,-0.000000
31,-0.000000,-0.000000
32,-0.000000,-0.000000
33,-0.000000,-0.000000
34,-0.000000,-0.000000
35,-0.000000,-0.000000
36,-0.000000,-0.000000
37,0.026308,0.026400
38,0.026405,0.026612
39,0.026503,0.026823
40,0.026600,0.027031
41,0.026697,0.027233
42,0.026795,0.027430
43,0.026892,0.027623
44,0.026989,0.027809
45,0.027087,0.027986
46,0.027184,0.028164
47,0.027281,0.028342
48,0.027379,0.028519
49,0.027476,0.028694
50,0.027573,0.028870
51,0.027670,0.029044
52,0.027768,0.029216
53,0.027865,0.029388
54,0.027962,0.029558
55,0.028059,0.029727
56,0.028156,0.029895
57,0.028254,0.030061
58,0.028351,0.030227
59,0.028448,0.030388
60,0.028545,0.030548
61,0.028642,0.030708
62,0.028739,0.030867
63,0.028837,0.031026
64,0.028934,0.031185
65,0.029031,0.031344
66,0.029128,0.031502
67,0.029225,0.031658
68,0.029322,0.031813
69,0.029419,0.031968
70,0.029516,0.032123
71,0.029613,0.032274
72,0.029710,0.032423
73,0.029807,0.032572
74,0.029904,0.032720
75,0.030001,0.032867
76,0.030098,0.033012
77,0.030195,0.033158
78,0.030292,0.033303
79,0.030389,0.033449
80,0.030486,0.033592
81,0.030583,0.033734
82,0.030680,0.033876
83,0.030777,0.034015
84,0.030874,0.034155
85,0.030971,0.034294
86,0.031068,0.034433
87,0.031165,0.034571
88,0.031262,0.034709
89,0.031359,0.034847
90,0.031455,0.034983
91,0.031552,0.035118
92,0.031649,0.035252
93,0.031746,0.035385
94,0.031843,0.035518
95,0.031940,0.035650
96,0.032036,0.035782
97,0.032133,0.035912
98,0.032230,0.036042
99,0.032327,0.036171
100,0.032424,0.036300
101,0.032520,0.036429
102,0.032617,0.036557
103,0.032714,0.036684
104,0.032810,0.036810
105,0.032907,0.036937
106,0.033004,0.037063
107,0.033101,0.037190
108,0.033197,0.037316
109,0.033294,0.037442
110,0.033391,0.037567
111,0.033487,0.037692
112,0.033584,0.037817
113,0.033681,0.037942
114,0.033777,0.038066
115,0.033874,0.038190
116,0.033971,0.038314
117,0.034067,0.038436
118,0.034164,0.038558
119,0.034260,0.038679
120,0.034357,0.038799
121,0.034453,0.038919
122,0.034550,0.039039
123,0.034647,0.039158
124,0.034743,0.039277
125,0.034840,0.039395
126,0.034936,0.039511
127,0.035033,0.039626
128,0.035129,0.039740
129,0.035226,0.039854
130,0.035322,0.039967
131,0.035419,0.040080
132,0.035515,0.040192
133,0.035611,0.040304
134,0.035708,0.040415
135,0.035804,0.040526
136,0.035901,0.040637
137,0.035997,0.040747
138,0.036094,0.040856
139,0.036190,0.040964
140,0.036286,0.041071
141,0.036383,0.041179
142,0.036479,0.041286
143,0.036575,0.041393
144,0.036672,0.041499
145,0.036768,0.041604
146,0.036864,0.041708
147,0.036961,0.041813
148,0.037057,0.041917
149,0.037153,0.042021
150,0.037250,0.042124
151,0.037346,0.042227
152,0.037442,0.042330
153,0.037538,0.042432
154,0.037635,0.042534
155,0.037731,0.042635
156,0.037827,0.042735
157,0.037923,0.042836
158,0.038020,0.042936
159,0.038116,0.043037
160,0.038212,0.043137
161,0.038308,0.043236
162,0.038404,0.043334
163,0.038500,0.043433
164,0.038597,0.043530
165,0.038693,0.043628
166,0.038789,0.043725
167,0.038885,0.043822
168,0.038981,0.043919
169,0.039077,0.044016
170,0.039173,0.044112
171,0.039269,0.044208
172,0.039365,0.044304
173,0.039462,0.044400
174,0.039558,0.044494
175,0.039654,0.044588
176,0.039750,0.044682
177,0.039846,0.044775
178,0.039942,0.044868
179,0.040038,0.044960
180,0.040134,0.045052
181,0.040230,0.045143
182,0.040326,0.045233
183,0.040422,0.045324
184,0.040518,0.045414
185,0.040614,0.045504
186,0.040709,0.045594
187,0.040805,0.045684
188,0.040901,0.045773
189,0.040997,0.045862
190,0.041093,0.045950
191,0.041189,0.046039
192,0.041285,0.046127
193,0.041381,0.046214
194,0.041477,0.046302
195,0.041573,0.046390
196,0.041668,0.046478
197,0.041764,0.046565
198,0.041860,0.046652
199,0.041956,0.046739
200,0.042052,0.046825
201,0.042147,0.046911
202,0.042243,0.046997
203,0.042339,0.047083
204,0.042435,0.047168
205,0.042530,0.047253
206,0.042626,0.047337
207,0.042722,0.047422
208,0.042818,0.047506
209,0.042913,0.047590
210,0.043009,0.047673
211,0.043105,0.047756
212,0.043201,0.047839
213,0.043296,0.047923
214,0.043392,0.048005
215,0.043488,0.048087
216,0.043583,0.048169
217,0.043679,0.048251
218,0.043774,0.048332
219,0.043870,0.048413
220,0.043966,0.048495
221,0.044061,0.048576
222,0.044157,0.048657
223,0.044252,0.048738
224,0.044348,0.048818
225,0.044444,0.048899
226,0.044539,0.048979
227,0.044635,0.049060
228,0.044730,0.049140
229,0.044826,0.049220
230,0.044921,0.049299
231,0.045017,0.049379
232,0.045112,0.049458
233,0.045208,0.049537
234,0.045303,0.049616
235,0.045399,0.049694
236,0.045494,0.049772
237,0.045590,0.049849
238,0.045685,0.049927
239,0.045781,0.050004
240,0.045876,0.050080
241,0.045971,0.050155
242,0.046067,0.050230
243,0.046162,0.050305
244,0.046258,0.050379
245,0.046353,0.050454
246,0.046448,0.050528
247,0.046544,0.050602
248,0.046639,0.050675
249,0.046734,0.050748
250,0.046830,0.050822
251,0.046925,0.050895
252,0.047020,0.050968
253,0.047116,0.051041
254,0.047211,0.051113
255,0.047306,0.051185
256,0.047401,0.051257
257,0.047497,0.051328
258,0.047592,0.051400
259,0.047687,0.051471
260,0.047782,0.051542
261,0.047878,0.051613
262,0.047973,0.051683
263,0.048068,0.051754
264,0.048163,0.051825
265,0.048258,0.051895
266,0.048354,0.051965
267,0.048449,0.052035
268,0.048544,0.052105
269,0.048639,0.052175
270,0.048734,0.052244
271,0.048829,0.052314
272,0.048924,0.052383
273,0.049020,0.052452
274,0.049115,0.052521
275,0.049210,0.052591
276,0.049305,0.052660
277,0.049400,0.052729
278,0.049495,0.052797
279,0.049590,0.052866
280,0.049685,0.052935
281,0.049780,0.053003
282,0.049875,0.053072
283,0.049970,0.053140
284,0.050065,0.053209
285,0.050160,0.053277
286,0.050255,0.053344
287,0.050350,0.053412
288,0.050445,0.053479
289,0.050540,0.053545
290,0.050635,0.053612
291,0.050730,0.053679
292,0.050825,0.053745
293,0.050920,0.053811
294,0.051015,0.053877
295,0.051109,0.053943
296,0.051204,0.054009
297,0.051299,0.054074
298,0.051394,0.054140
299,0.051489,0.054205
300,0.051584,0.054270
301,0.051679,0.054335
302,0.051774,0.054400
303,0.051868,0.054465
304,0.051963,0.054530
305,0.052058,0.054594
306,0.052153,0.054659
307,0.052248,0.054723
308,0.052342,0.054787
309,0.052437,0.054851
310,0.052532,0.054915
311,0.052627,0.054978
312,0.052721,0.055042
313,0.052816,0.055105
314,0.052911,0.055168
315,0.053005,0.055231
316,0.053100,0.055294
317,0.053195,0.055357
318,0.053290,0.055420
319,0.053384,0.055483
320,0.053479,0.055545
321,0.053574,0.055608
322,0.053668,0.055670
323,0.053763,0.055733
324,0.053857,0.055795
325,0.053952,0.055857
326,0.054047,0.055919
327,0.054141,0.055981
328,0.054236,0.056043
329,0.054330,0.056104
330,0.054425,0.056166
331,0.054520,0.056227
332,0.054614,0.056288
333,0.054709,0.056349
334,0.054803,0.056410
335,0.054898,0.056471
336,0.054992,0.056532
337,0.055087,0.056593
338,0.055181,0.056653
339,0.055276,0.056713
340,0.055370,0.056774
341,0.055465,0.056834
342,0.055559,0.056894
343,0.055653,0.056953
344,0.055748,0.057013
345,0.055842,0.057073
346,0.055937,0.057132
347,0.056031,0.057191
348,0.056126,0.057250
349,0.056220,0.057309
350,0.056314,0.057368
351,0.056409,0.057427
352,0.056503,0.057486
353,0.056597,0.057544
354,0.056692,0.057602
355,0.056786,0.057660
356,0.056880,0.057718
357,0.056975,0.057776
358,0.057069,0.057833
359,0.057163,0.057891
360,0.057258,0.057948
361,0.057352,0.058006
362,0.057446,0.058063
363,0.057540,0.058120
364,0.057635,0.058177
365,0.057729,0.058233
366,0.057823,0.058290
367,0.057917,0.058346
368,0.058012,0.058403
369,0.058106,0.058459
370,0.058200,0.058515
371,0.058294,0.058571
372,0.058388,0.058627
373,0.058482,0.058683
374,0.058577,0.058739
375,0.058671,0.058795
376,0.058765,0.058851
377,0.058859,0.058907
378,0.058953,0.058963
379,-0.000000,-0.000000
380,-0.000000,-0.000000
381,-0.000000,-0.000000
382,-0.000000,-0.000000
383,-0.000000,-0.000000
384,-0.000000,-0.000000
385,-0.000000,-0.000000
386,-0.000000,-0.000000
387,-0.000000,-0.000000
388,-0.000000,-0.000000
389,-0.000000,-0.000000
390,-0.000000,-0.000000
