1,-0.000000,-0.000000
2,-0.000000,-0.000000
3,-0.000000,-0.000000
4,-0.000000,-0.000000
5,-0.000000,-0.000000
6,-0.000000,-0.000000
7,-0.000000,-0.000000
8,-0.000000,-0.000000
9,-0.000000,-0.000000
10,-0.000000,-0.000000
11,-0.000000,-0.000000
12,-0.000000,-0.000000
13,-0.000000,-0.000000
14,-0.000000,-0.000000
15,-0.000000,-0.000000
16,-0.000000,-0.000000
17,-0.000000,-0.000000
18,-0.000000,-0.000000
19,-0.000000,-0.000000
20,-0.000000,-0.000000
21,-0.000000,-0.000000
22,-0.000000,-0.000000
23,-0.000000,-0.000000
24,-0.000000,-0.000000
25,-0.000000,-0.000000
26,-0.000000,-0.000000
27,-0.000000,-0.000000
28,-0.000000,-0.000000
29,-0.000000,-0.000000
30,-0.000000,-0.000000
31,-0.000000,-0.000000
32,-0.000000,-0.000000
33,-0.000000,-0.000000
34,-0.000000,-0.000000
35,-0.000000,-0.000000
36,-0.000000,-0.000000
37,-0.000000,-0.000000
38,-0.000000,-0.000000
39,-0.000000,-0.000000
40,-0.000000,-0.000000
41,-0.000000,-0.000000
42,-0.000000,-0.000000
43,-0.000000,-0.000000
44,-0.000000,-0.000000
45,-0.000000,-0.000000
46,-0.000000,-0.000000
47,-0.000000,-0.000000
48,-0.000000,-0.000000
49,-0.000000,-0.000000
50,-0.000000,-0.000000
51,-0.000000,-0.000000
52,-0.000000,-0.000000
53,-0.000000,-0.000000
54,-0.000000,-0.000000
55,-0.000000,-0.000000
56,0.030464,0.030468
57,0.030561,0.030734
58,0.030657,0.031001
59,0.030754,0.031267
60,0.030851,0.031533
61,0.030948,0.031800
62,0.031045,0.031978
63,0.031142,0.032068
64,0.031239,0.032158
65,0.031336,0.032247
66,0.031433,0.032337
67,0.031530,0.032427
68,0.031626,0.032516
69,0.031723,0.032606
70,0.031820,0.032696
71,0.031917,0.032785
72,0.032014,0.032875
73,0.032111,0.032964
74,0.032207,0.033054
75,0.032304,0.033144
76,0.032401,0.033233
77,0.032498,0.033323
78,0.032594,0.033413
79,0.032691,0.033502
80,0.032788,0.033592
81,0.032885,0.033799
82,0.032981,0.034006
83,0.033078,0.034214
84,0.033175,0.034421
85,0.033271,0.034628
86,0.033368,0.034835
87,0.033465,0.035043
88,0.033561,0.035250
89,0.033658,0.035457
90,0.033755,0.035664
91,0.033851,0.035872
92,0.033948,0.036079
93,0.034045,0.036286
94,0.034141,0.036493
95,0.034238,0.036701
96,0.034334,0.036908
97,0.034431,0.037115
98,0.034527,0.037322
99,0.034624,0.037530
100,0.034721,0.037737
101,0.034817,0.037913
102,0.034914,0.037981
103,0.035010,0.038048
104,0.035107,0.038116
105,0.035203,0.038184
106,0.035300,0.038251
107,0.035396,0.038319
108,0.035493,0.038387
109,0.035589,0.038454
110,0.035685,0.038522
111,0.035782,0.038590
112,0.035878,0.038657
113,0.035975,0.038725
114,0.036071,0.038793
115,0.036167,0.038860
116,0.036264,0.038928
117,0.036360,0.038996
118,0.036457,0.039063
119,0.036553,0.039131
120,0.036649,0.039199
121,0.036746,0.039266
122,0.036842,0.039334
123,0.036938,0.039402
124,0.037035,0.039469
125,0.037131,0.039537
126,0.037227,0.039605
127,0.037323,0.039672
128,0.037420,0.039740
129,0.037516,0.039905
130,0.037612,0.040069
131,0.037708,0.040234
132,0.037805,0.040399
133,0.037901,0.040564
134,0.037997,0.040728
135,0.038093,0.040893
136,0.038190,0.041058
137,0.038286,0.041223
138,0.038382,0.041387
139,0.038478,0.041552
140,0.038574,0.041717
141,0.038670,0.041881
142,0.038766,0.042046
143,0.038863,0.042211
144,0.038959,0.042376
145,0.039055,0.042540
146,0.039151,0.042705
147,0.039247,0.042870
148,0.039343,0.043035
149,0.039439,0.043199
150,0.039535,0.043364
151,0.039631,0.043529
152,0.039727,0.043693
153,0.039823,0.043858
154,0.039919,0.044023
155,0.040015,0.044188
156,0.040111,0.044352
157,0.040207,0.044517
158,0.040303,0.044682
159,0.040399,0.044847
160,0.040495,0.044999
161,0.040591,0.045049
162,0.040687,0.045098
163,0.040783,0.045147
164,0.040879,0.045197
165,0.040975,0.045246
166,0.041071,0.045295
167,0.041167,0.045344
168,0.041263,0.045394
169,0.041358,0.045443
170,0.041454,0.045492
171,0.041550,0.045542
172,0.041646,0.045591
173,0.041742,0.045640
174,0.041838,0.045689
175,0.041933,0.045739
176,0.042029,0.045788
177,0.042125,0.045837
178,0.042221,0.045887
179,0.042317,0.045936
180,0.042412,0.045985
181,0.042508,0.046034
182,0.042604,0.046084
183,0.042700,0.046133
184,0.042795,0.046182
185,0.042891,0.046232
186,0.042987,0.046281
187,0.043083,0.046330
188,0.043178,0.046379
189,0.043274,0.046429
190,0.043370,0.046478
191,0.043465,0.046527
192,0.043561,0.046577
193,0.043657,0.046626
194,0.043752,0.046675
195,0.043848,0.046724
196,0.043943,0.046774
197,0.044039,0.046823
198,0.044135,0.046872
199,0.044230,0.046922
200,0.044326,0.046971
201,0.044421,0.047020
202,0.044517,0.047069
203,0.044612,0.047119
204,0.044708,0.047168
205,0.044804,0.047300
206,0.044899,0.047432
207,0.044995,0.047564
208,0.045090,0.047696
209,0.045186,0.047828
210,0.045281,0.047959
211,0.045377,0.048091
212,0.045472,0.048223
213,0.045567,0.048355
214,0.045663,0.048487
215,0.045758,0.048619
216,0.045854,0.048751
217,0.045949,0.048883
218,0.046045,0.049015
219,0.046140,0.049147
220,0.046235,0.049279
221,0.046331,0.049410
222,0.046426,0.049542
223,0.046521,0.049674
224,0.046617,0.049806
225,0.046712,0.049938
226,0.046807,0.050070
227,0.046903,0.050202
228,0.046998,0.050334
229,0.047093,0.050466
230,0.047189,0.050598
231,0.047284,0.050730
232,0.047379,0.050861
233,0.047474,0.050993
234,0.047570,0.051125
235,0.047665,0.051257
236,0.047760,0.051389
237,0.047855,0.051521
238,0.047951,0.051653
239,0.048046,0.051785
240,0.048141,0.051917
241,0.048236,0.052049
242,0.048331,0.052180
243,0.048427,0.052312
244,0.048522,0.052444
245,0.048617,0.052576
246,0.048712,0.052708
247,0.048807,0.052840
248,0.048902,0.052972
249,0.048997,0.053104
250,0.049092,0.053174
251,0.049188,0.053210
252,0.049283,0.053247
253,0.049378,0.053283
254,0.049473,0.053319
255,0.049568,0.053355
256,0.049663,0.053391
257,0.049758,0.053427
258,0.049853,0.053463
259,0.049948,0.053499
260,0.050043,0.053535
261,0.050138,0.053572
262,0.050233,0.053608
263,0.050328,0.053644
264,0.050423,0.053680
265,0.050518,0.053716
266,0.050613,0.053752
267,0.050708,0.053788
268,0.050803,0.053824
269,0.050898,0.053860
270,0.050992,0.053897
271,0.051087,0.053933
272,0.051182,0.053969
273,0.051277,0.054005
274,0.051372,0.054041
275,0.051467,0.054077
276,0.051562,0.054113
277,0.051657,0.054149
278,0.051751,0.054186
279,0.051846,0.054222
280,0.051941,0.054258
281,0.052036,0.054294
282,0.052131,0.054330
283,0.052225,0.054366
284,0.052320,0.054402
285,0.052415,0.054438
286,0.052510,0.054474
287,0.052605,0.054511
288,0.052699,0.054547
289,0.052794,0.054583
290,0.052889,0.054619
291,0.052983,0.054655
292,0.053078,0.054691
293,0.053173,0.054727
294,0.053267,0.054763
295,0.053362,0.054799
296,0.053457,0.054836
297,0.053551,0.054872
298,0.053646,0.054908
299,0.053741,0.054944
300,0.053835,0.054980
301,0.053930,0.055016
302,0.054025,0.055052
303,0.054119,0.055088
304,0.054214,0.055124
305,0.054308,0.055161
306,0.054403,0.055197
307,0.054497,0.055233
308,0.054592,0.055269
309,0.054687,0.055305
310,0.054781,0.055341
311,0.054876,0.055377
312,0.054970,0.055413
313,0.055065,0.055450
314,0.055159,0.055486
315,0.055254,0.055522
316,0.055348,0.055558
317,0.055443,0.055594
318,0.055537,0.055630
319,0.055631,0.055666
320,-0.000000,-0.000000
321,-0.000000,-0.000000
322,-0.000000,-0.000000
323,-0.000000,-0.000000
324,-0.000000,-0.000000
325,-0.000000,-0.000000
326,-0.000000,-0.000000
327,-0.000000,-0.000000
328,-0.000000,-0.000000
329,-0.000000,-0.000000
330,-0.000000,-0.000000
331,-0.000000,-0.000000
332,-0.000000,-0.000000
333,-0.000000,-0.000000
334,-0.000000,-0.000000
335,-0.000000,-0.000000
336,-0.000000,-0.000000
337,-0.000000,-0.000000
338,-0.000000,-0.000000
339,-0.000000,-0.000000
340,-0.000000,-0.000000
341,-0.000000,-0.000000
342,-0.000000,-0.000000
343,-0.000000,-0.000000
344,-0.000000,-0.000000
345,-0.000000,-0.000000
346,-0.000000,-0.000000
347,-0.000000,-0.000000
348,-0.000000,-0.000000
349,-0.000000,-0.000000
350,-0.000000,-0.000000
351,-0.000000,-0.000000
352,-0.000000,-0.000000
353,-0.000000,-0.000000
354,-0.000000,-0.000000
355,-0.000000,-0.000000
356,-0.000000,-0.000000
357,-0.000000,-0.000000
358,-0.000000,-0.000000
359,-0.000000,-0.000000
360,-0.000000,-0.000000
361,-0.000000,-0.000000
362,-0.000000,-0.000000
363,-0.000000,-0.000000
364,-0.000000,-0.000000
365,-0.000000,-0.000000
366,-0.000000,-0.000000
367,-0.000000,-0.000000
368,-0.000000,-0.000000
369,-0.000000,-0.000000
370,-0.000000,-0.000000
371,-0.000000,-0.000000
372,-0.000000,-0.000000
373,-0.000000,-0.000000
374,-0.000000,-0.000000
375,-0.000000,-0.000000
376,-0.000000,-0.000000
377,-0.000000,-0.000000
378,-0.000000,-0.000000
379,-0.000000,-0.000000
380,-0.000000,-0.000000
381,-0.000000,-0.000000
382,-0.000000,-0.000000
383,-0.000000,-0.000000
384,-0.000000,-0.000000
385,-0.000000,-0.000000
386,-0.000000,-0.000000
387,-0.000000,-0.000000
388,-0.000000,-0.000000
389,-0.000000,-0.000000
390,-0.000000,-0.000000
391,-0.000000,-0.000000
392,-0.000000,-0.000000
393,-0.000000,-0.000000
394,-0.000000,-0.000000
395,-0.000000,-0.000000
396,-0.000000,-0.000000
397,-0.000000,-0.000000
398,-0.000000,-0.000000
399,-0.000000,-0.000000
400,-0.000000,-0.000000
401,-0.000000,-0.000000
402,-0.000000,-0.000000
403,-0.000000,-0.000000
404,-0.000000,-0.000000
405,-0.000000,-0.000000
406,-0.000000,-0.000000
407,-0.000000,-0.000000
408,-0.000000,-0.000000
409,-0.000000,-0.000000
410,-0.000000,-0.000000
411,-0.000000,-0.000000
412,-0.000000,-0.000000
413,-0.000000,-0.000000
414,-0.000000,-0.000000
415,-0.000000,-0.000000
416,-0.000000,-0.000000
417,-0.000000,-0.000000
418,-0.000000,-0.000000
419,-0.000000,-0.000000
420,-0.000000,-0.000000
421,-0.000000,-0.000000
422,-0.000000,-0.000000
423,-0.000000,-0.000000
424,-0.000000,-0.000000
425,-0.000000,-0.000000
426,-0.000000,-0.000000
427,-0.000000,-0.000000
428,-0.000000,-0.000000
429,-0.000000,-0.000000
430,-0.000000,-0.000000
431,-0.000000,-0.000000
432,-0.000000,-0.000000
433,-0.000000,-0.000000
434,-0.000000,-0.000000
435,-0.000000,-0.000000
436,-0.000000,-0.000000
437,-0.000000,-0.000000
438,-0.000000,-0.000000
439,-0.000000,-0.000000
440,-0.000000,-0.000000
441,-0.000000,-0.000000
442,-0.000000,-0.000000
443,-0.000000,-0.000000
444,-0.000000,-0.000000
445,-0.000000,-0.000000
446,-0.000000,-0.000000
447,-0.000000,-0.000000
448,-0.000000,-0.000000
449,-0.000000,-0.000000
450,-0.000000,-0.000000
451,-0.000000,-0.000000
452,-0.000000,-0.000000
453,-0.000000,-0.000000
454,-0.000000,-0.000000
455,-0.000000,-0.000000
456,-0.000000,-0.000000
457,-0.000000,-0.000000
458,-0.000000,-0.000000
459,-0.000000,-0.000000
460,-0.000000,-0.000000
461,-0.000000,-0.000000
462,-0.000000,-0.000000
463,-0.000000,-0.000000
464,-0.000000,-0.000000
465,-0.000000,-0.000000
466,-0.000000,-0.000000
467,-0.000000,-0.000000
468,-0.000000,-0.000000
469,-0.000000,-0.000000
470,-0.000000,-0.000000
471,-0.000000,-0.000000
472,-0.000000,-0.000000
473,-0.000000,-0.000000
474,-0.000000,-0.000000
475,-0.000000,-0.000000
476,-0.000000,-0.000000
477,-0.000000,-0.000000
478,-0.000000,-0.000000
479,-0.000000,-0.000000
480,-0.000000,-0.000000
481,-0.000000,-0.000000
482,-0.000000,-0.000000
483,-0.000000,-0.000000
484,-0.000000,-0.000000
485,-0.000000,-0.000000
486,-0.000000,-0.000000
487,-0.000000,-0.000000
488,-0.000000,-0.000000
489,-0.000000,-0.000000
490,-0.000000,-0.000000
491,-0.000000,-0.000000
492,-0.000000,-0.000000
493,-0.000000,-0.000000
494,-0.000000,-0.000000
495,-0.000000,-0.000000
496,-0.000000,-0.000000
497,-0.000000,-0.000000
498,-0.000000,-0.000000
499,-0.000000,-0.000000
500,-0.000000,-0.000000
501,-0.000000,-0.000000
502,-0.000000,-0.000000
503,-0.000000,-0.000000
504,-0.000000,-0.000000
505,-0.000000,-0.000000
506,-0.000000,-0.000000
507,-0.000000,-0.000000
508,-0.000000,-0.000000
509,-0.000000,-0.000000
510,-0.000000,-0.000000
511,-0.000000,-0.000000
512,-0.000000,-0.000000
513,-0.000000,-0.000000
514,-0.000000,-0.000000
515,-0.000000,-0.000000
516,-0.000000,-0.000000
517,-0.000000,-0.000000
518,-0.000000,-0.000000
519,-0.000000,-0.000000
520,-0.000000,-0.000000
521,-0.000000,-0.000000
522,-0.000000,-0.000000
523,-0.000000,-0.000000
524,-0.000000,-0.000000
525,-0.000000,-0.000000
526,-0.000000,-0.000000
527,-0.000000,-0.000000
528,-0.000000,-0.000000
529,-0.000000,-0.000000
530,-0.000000,-0.000000
531,-0.000000,-0.000000
532,-0.000000,-0.000000
533,-0.000000,-0.000000
534,-0.000000,-0.000000
535,-0.000000,-0.000000
536,-0.000000,-0.000000
537,-0.000000,-0.000000
538,-0.000000,-0.000000
539,-0.000000,-0.000000
540,-0.000000,-0.000000
541,-0.000000,-0.000000
542,-0.000000,-0.000000
543,-0.000000,-0.000000
544,-0.000000,-0.000000
545,-0.000000,-0.000000
546,-0.000000,-0.000000
547,-0.000000,-0.000000
548,-0.000000,-0.000000
549,-0.000000,-0.000000
550,-0.000000,-0.000000
551,-0.000000,-0.000000
552,-0.000000,-0.000000
553,-0.000000,-0.000000
554,-0.000000,-0.000000
555,-0.000000,-0.000000
556,-0.000000,-0.000000
557,-0.000000,-0.000000
558,-0.000000,-0.000000
559,-0.000000,-0.000000
560,-0.000000,-0.000000
561,-0.000000,-0.000000
562,-0.000000,-0.000000
563,-0.000000,-0.000000
564,-0.000000,-0.000000
565,-0.000000,-0.000000
566,-0.000000,-0.000000
567,-0.000000,-0.000000
568,-0.000000,-0.000000
569,-0.000000,-0.000000
570,-0.000000,-0.000000
571,-0.000000,-0.000000
572,-0.000000,-0.000000
573,-0.000000,-0.000000
574,-0.000000,-0.000000
575,-0.000000,-0.000000
576,-0.000000,-0.000000
577,-0.000000,-0.000000
578,-0.000000,-0.000000
579,-0.000000,-0.000000
580,-0.000000,-0.000000
581,-0.000000,-0.000000
582,-0.000000,-0.000000
583,-0.000000,-0.000000
584,-0.000000,-0.000000
585,-0.000000,-0.000000
586,-0.000000,-0.000000
587,-0.000000,-0.000000
588,-0.000000,-0.000000
589,-0.000000,-0.000000
590,-0.000000,-0.000000
591,-0.000000,-0.000000
592,-0.000000,-0.000000
593,-0.000000,-0.000000
594,-0.000000,-0.000000
595,-0.000000,-0.000000
596,-0.000000,-0.000000
597,-0.000000,-0.000000
598,-0.000000,-0.000000
599,-0.000000,-0.000000
600,-0.000000,-0.000000
601,-0.000000,-0.000000
602,-0.000000,-0.000000
603,-0.000000,-0.000000
604,-0.000000,-0.000000
605,-0.000000,-0.000000
606,-0.000000,-0.000000
607,-0.000000,-0.000000
608,-0.000000,-0.000000
609,-0.000000,-0.000000
610,-0.000000,-0.000000
611,-0.000000,-0.000000
612,-0.000000,-0.000000
613,-0.000000,-0.000000
614,-0.000000,-0.000000
615,-0.000000,-0.000000
616,-0.000000,-0.000000
617,-0.000000,-0.000000
618,-0.000000,-0.000000
619,-0.000000,-0.000000
620,-0.000000,-0.000000
621,-0.000000,-0.000000
622,-0.000000,-0.000000
623,-0.000000,-0.000000
624,-0.000000,-0.000000
625,-0.000000,-0.000000
626,-0.000000,-0.000000
627,-0.000000,-0.000000
628,-0.000000,-0.000000
629,-0.000000,-0.000000
630,-0.000000,-0.000000
631,-0.000000,-0.000000
632,-0.000000,-0.000000
633,-0.000000,-0.000000
634,-0.000000,-0.000000
635,-0.000000,-0.000000
636,-0.000000,-0.000000
637,-0.000000,-0.000000
638,-0.000000,-0.000000
639,-0.000000,-0.000000
640,-0.000000,-0.000000
641,-0.000000,-0.000000
642,-0.000000,-0.000000
643,-0.000000,-0.000000
644,-0.000000,-0.000000
645,-0.000000,-0.000000
646,-0.000000,-0.000000
647,-0.000000,-0.000000
648,-0.000000,-0.000000
649,-0.000000,-0.000000
650,-0.000000,-0.000000
651,-0.000000,-0.000000
652,-0.000000,-0.000000
653,-0.000000,-0.000000
654,-0.000000,-0.000000
655,-0.000000,-0.000000
656,-0.000000,-0.000000
657,-0.000000,-0.000000
658,-0.000000,-0.000000
659,-0.000000,-0.000000
660,-0.000000,-0.000000
661,-0.000000,-0.000000
662,-0.000000,-0.000000
663,-0.000000,-0.000000
664,-0.000000,-0.000000
665,-0.000000,-0.000000
666,-0.000000,-0.000000
667,-0.000000,-0.000000
668,-0.000000,-0.000000
669,-0.000000,-0.000000
670,-0.000000,-0.000000
671,-0.000000,-0.000000
672,-0.000000,-0.000000
673,-0.000000,-0.000000
674,-0.000000,-0.000000
675,-0.000000,-0.000000
676,-0.000000,-0.000000
677,-0.000000,-0.000000
678,-0.000000,-0.000000
679,-0.000000,-0.000000
680,-0.000000,-0.000000
681,-0.000000,-0.000000
682,-0.000000,-0.000000
683,-0.000000,-0.000000
684,-0.000000,-0.000000
685,-0.000000,-0.000000
686,-0.000000,-0.000000
687,-0.000000,-0.000000
688,-0.000000,-0.000000
689,-0.000000,-0.000000
690,-0.000000,-0.000000
691,-0.000000,-0.000000
692,-0.000000,-0.000000
693,-0.000000,-0.000000
694,-0.000000,-0.000000
695,-0.000000,-0.000000
696,-0.000000,-0.000000
697,-0.000000,-0.000000
698,-0.000000,-0.000000
699,-0.000000,-0.000000
700,-0.000000,-0.000000
701,-0.000000,-0.000000
702,-0.000000,-0.000000
703,-0.000000,-0.000000
704,-0.000000,-0.000000
705,-0.000000,-0.000000
706,-0.000000,-0.000000
707,-0.000000,-0.000000
708,-0.000000,-0.000000
709,-0.000000,-0.000000
710,-0.000000,-0.000000
711,-0.000000,-0.000000
712,-0.000000,-0.000000
713,-0.000000,-0.000000
714,-0.000000,-0.000000
715,-0.000000,-0.000000
716,-0.000000,-0.000000
717,-0.000000,-0.000000
718,-0.000000,-0.000000
719,-0.000000,-0.000000
720,-0.000000,-0.000000
721,-0.000000,-0.000000
722,-0.000000,-0.000000
723,-0.000000,-0.000000
724,-0.000000,-0.000000
725,-0.000000,-0.000000
726,-0.000000,-0.000000
727,-0.000000,-0.000000
728,-0.000000,-0.000000
729,-0.000000,-0.000000
730,-0.000000,-0.000000
731,-0.000000,-0.000000
732,-0.000000,-0.000000
733,-0.000000,-0.000000
734,-0.000000,-0.000000
735,-0.000000,-0.000000
736,-0.000000,-0.000000
737,-0.000000,-0.000000
738,-0.000000,-0.000000
739,-0.000000,-0.000000
740,-0.000000,-0.000000
741,-0.000000,-0.000000
742,-0.000000,-0.000000
743,-0.000000,-0.000000
744,-0.000000,-0.000000
745,-0.000000,-0.000000
746,-0.000000,-0.000000
747,-0.000000,-0.000000
748,-0.000000,-0.000000
749,-0.000000,-0.000000
750,-0.000000,-0.000000
751,-0.000000,-0.000000
752,-0.000000,-0.000000
753,-0.000000,-0.000000
754,-0.000000,-0.000000
755,-0.000000,-0.000000
756,-0.000000,-0.000000
757,-0.000000,-0.000000
758,-0.000000,-0.000000
759,-0.000000,-0.000000
760,-0.000000,-0.000000
761,-0.000000,-0.000000
762,-0.000000,-0.000000
763,-0.000000,-0.000000
764,-0.000000,-0.000000
765,-0.000000,-0.000000
766,-0.000000,-0.000000
767,-0.000000,-0.000000
768,-0.000000,-0.000000
769,-0.000000,-0.000000
770,-0.000000,-0.000000
771,-0.000000,-0.000000
772,-0.000000,-0.000000
773,-0.000000,-0.000000
774,-0.000000,-0.000000
775,-0.000000,-0.000000
776,-0.000000,-0.000000
777,-0.000000,-0.000000
778,-0.000000,-0.000000
779,-0.000000,-0.000000
780,-0.000000,-0.000000
781,-0.000000,-0.000000
782,-0.000000,-0.000000
783,-0.000000,-0.000000
784,-0.000000,-0.000000
785,-0.000000,-0.000000
786,-0.000000,-0.000000
787,-0.000000,-0.000000
788,-0.000000,-0.000000
789,-0.000000,-0.000000
790,-0.000000,-0.000000
791,-0.000000,-0.000000
792,-0.000000,-0.000000
793,-0.000000,-0.000000
794,-0.000000,-0.000000
795,-0.000000,-0.000000
796,-0.000000,-0.000000
797,-0.000000,-0.000000
798,-0.000000,-0.000000
799,-0.000000,-0.000000
800,-0.000000,-0.000000
801,-0.000000,-0.000000
802,-0.000000,-0.000000
803,-0.000000,-0.000000
804,-0.000000,-0.000000
805,-0.000000,-0.000000
806,-0.000000,-0.000000
807,-0.000000,-0.000000
808,-0.000000,-0.000000
809,-0.000000,-0.000000
810,-0.000000,-0.000000
811,-0.000000,-0.000000
812,-0.000000,-0.000000
813,-0.000000,-0.000000
814,-0.000000,-0.000000
815,-0.000000,-0.000000
816,-0.000000,-0.000000
817,-0.000000,-0.000000
818,-0.000000,-0.000000
819,-0.000000,-0.000000
820,-0.000000,-0.000000
821,-0.000000,-0.000000
822,-0.000000,-0.000000
823,-0.000000,-0.000000
824,-0.000000,-0.000000
825,-0.000000,-0.000000
826,-0.000000,-0.000000
827,-0.000000,-0.000000
828,-0.000000,-0.000000
829,-0.000000,-0.000000
830,-0.000000,-0.000000
831,-0.000000,-0.000000
832,-0.000000,-0.000000
833,-0.000000,-0.000000
834,-0.000000,-0.000000
835,-0.000000,-0.000000
836,-0.000000,-0.000000
837,-0.000000,-0.000000
838,-0.000000,-0.000000
839,-0.000000,-0.000000
840,-0.000000,-0.000000
841,-0.000000,-0.000000
842,-0.000000,-0.000000
843,-0.000000,-0.000000
844,-0.000000,-0.000000
845,-0.000000,-0.000000
846,-0.000000,-0.000000
847,-0.000000,-0.000000
848,-0.000000,-0.000000
849,-0.000000,-0.000000
850,-0.000000,-0.000000
851,-0.000000,-0.000000
852,-0.000000,-0.000000
853,-0.000000,-0.000000
854,-0.000000,-0.000000
855,-0.000000,-0.000000
856,-0.000000,-0.000000
857,-0.000000,-0.000000
858,-0.000000,-0.000000
859,-0.000000,-0.000000
860,-0.000000,-0.000000
861,-0.000000,-0.000000
862,-0.000000,-0.000000
863,-0.000000,-0.000000
864,-0.000000,-0.000000
865,-0.000000,-0.000000
866,-0.000000,-0.000000
867,-0.000000,-0.000000
868,-0.000000,-0.000000
869,-0.000000,-0.000000
870,-0.000000,-0.000000
871,-0.000000,-0.000000
872,-0.000000,-0.000000
873,-0.000000,-0.000000
874,-0.000000,-0.000000
875,-0.000000,-0.000000
876,-0.000000,-0.000000
877,-0.000000,-0.000000
878,-0.000000,-0.000000
879,-0.000000,-0.000000
880,-0.000000,-0.000000
881,-0.000000,-0.000000
882,-0.000000,-0.000000
883,-0.000000,-0.000000
884,-0.000000,-0.000000
885,-0.000000,-0.000000
886,-0.000000,-0.000000
887,-0.000000,-0.000000
888,-0.000000,-0.000000
889,-0.000000,-0.000000
890,-0.000000,-0.000000
891,-0.000000,-0.000000
892,-0.000000,-0.000000
893,-0.000000,-0.000000
894,-0.000000,-0.000000
895,-0.000000,-0.000000
896,-0.000000,-0.000000
897,-0.000000,-0.000000
898,-0.000000,-0.000000
899,-0.000000,-0.000000
900,-0.000000,-0.000000
901,-0.000000,-0.000000
902,-0.000000,-0.000000
903,-0.000000,-0.000000
904,-0.000000,-0.000000
905,-0.000000,-0.000000
906,-0.000000,-0.000000
907,-0.000000,-0.000000
908,-0.000000,-0.000000
909,-0.000000,-0.000000
910,-0.000000,-0.000000
911,-0.000000,-0.000000
912,-0.000000,-0.000000
913,-0.000000,-0.000000
914,-0.000000,-0.000000
915,-0.000000,-0.000000
916,-0.000000,-0.000000
917,-0.000000,-0.000000
918,-0.000000,-0.000000
919,-0.000000,-0.000000
920,-0.000000,-0.000000
921,-0.000000,-0.000000
922,-0.000000,-0.000000
923,-0.000000,-0.000000
924,-0.000000,-0.000000
925,-0.000000,-0.000000
926,-0.000000,-0.000000
927,-0.000000,-0.000000
928,-0.000000,-0.000000
929,-0.000000,-0.000000
930,-0.000000,-0.000000
931,-0.000000,-0.000000
932,-0.000000,-0.000000
933,-0.000000,-0.000000
934,-0.000000,-0.000000
935,-0.000000,-0.000000
936,-0.000000,-0.000000
937,-0.000000,-0.000000
938,-0.000000,-0.000000
939,-0.000000,-0.000000
940,-0.000000,-0.000000
941,-0.000000,-0.000000
942,-0.000000,-0.000000
943,-0.000000,-0.000000
944,-0.000000,-0.000000
945,-0.000000,-0.000000
946,-0.000000,-0.000000
947,-0.000000,-0.000000
948,-0.000000,-0.000000
949,-0.000000,-0.000000
950,-0.000000,-0.000000
951,-0.000000,-0.000000
952,-0.000000,-0.000000
953,-0.000000,-0.000000
954,-0.000000,-0.000000
955,-0.000000,-0.000000
956,-0.000000,-0.000000
957,-0.000000,-0.000000
958,-0.000000,-0.000000
959,-0.000000,-0.000000
960,-0.000000,-0.000000
961,-0.000000,-0.000000
962,-0.000000,-0.000000
963,-0.000000,-0.000000
964,-0.000000,-0.000000
965,-0.000000,-0.000000
966,-0.000000,-0.000000
967,-0.000000,-0.000000
968,-0.000000,-0.000000
969,-0.000000,-0.000000
970,-0.000000,-0.000000
971,-0.000000,-0.000000
972,-0.000000,-0.000000
973,-0.000000,-0.000000
974,-0.000000,-0.000000
975,-0.000000,-0.000000
976,-0.000000,-0.000000
977,-0.000000,-0.000000
978,-0.000000,-0.000000
979,-0.000000,-0.000000
980,-0.000000,-0.000000
981,-0.000000,-0.000000
982,-0.000000,-0.000000
983,-0.000000,-0.000000
984,-0.000000,-0.000000
985,-0.000000,-0.000000
986,-0.000000,-0.000000
987,-0.000000,-0.000000
988,-0.000000,-0.000000
989,-0.000000,-0.000000
990,-0.000000,-0.000000
991,-0.000000,-0.000000
992,-0.000000,-0.000000
993,-0.000000,-0.000000
994,-0.000000,-0.000000
995,-0.000000,-0.000000
996,-0.000000,-0.000000
997,-0.000000,-0.000000
998,-0.000000,-0.000000
999,-0.000000,-0.000000
